[
[1035,481],
[1006,516],
[974,559],
[936,601],
[906,638],
[881,678],
[847,724],
[813,769],
[784,815],
[756,858],
[722,897],
[695,943],
[667,991],
[643,1037],
[609,1088],
[590,1131],
[562,1182],
[536,1226],
[512,1273],
[494,1312],
[474,1362],
[445,1413],
[416,1463],
[393,1518],
[380,1563],
[363,1620],
[346,1669],
[325,1722],
[299,1772],
[280,1827],
[257,1871],
[241,1926],
[226,1978],
[205,2030],
[181,2084],
[158,2134],
[147,2181],
[144,2216],
[183,2236],
[209,2250],
[249,2268],
[306,2288],
[366,2307],
[411,2330],
[458,2357],
[491,2383],
[528,2408],
[572,2437],
[625,2471],
[674,2500],
[713,2521],
[763,2554],
[820,2571],
[870,2586],
[915,2596],
[979,2602],
[1021,2596],
[1071,2588],
[1131,2591],
[1178,2597],
[1225,2604],
[1278,2605],
[1337,2605],
[1395,2607],
[1450,2612],
[1505,2622],
[1561,2623],
[1608,2622],
[1664,2618],
[1723,2623],
[1776,2622],
[1825,2622],
[1885,2622],
[1938,2617],
[1990,2622],
[2050,2626],
[2100,2628],
[2152,2630],
[2207,2633],
[2262,2633],
[2314,2628],
[2369,2625],
[2423,2623],
[2475,2625],
[2544,2630],
[2601,2633],
[2661,2635],
[2708,2631],
[2763,2620],
[2823,2618],
[2877,2610],
[2922,2604],
[2977,2591],
[3032,2581],
[3096,2573],
[3154,2575],
[3209,2568],
[3254,2558],
[3319,2539],
[3370,2518],
[3418,2485],
[3460,2455],
[3494,2426],
[3545,2401],
[3592,2377],
[3627,2351],
[3689,2332],
[3734,2301],
[3767,2267],
[3812,2234],
[3859,2212],
[3911,2181],
[3948,2153],
[3992,2127],
[4028,2095],
[3987,2043],
[3948,2003],
[3913,1952],
[3885,1912],
[3867,1866],
[3841,1826],
[3814,1784],
[3773,1734],
[3746,1687],
[3703,1646],
[3673,1601],
[3635,1555],
[3600,1508],
[3566,1471],
[3533,1429],
[3506,1379],
[3468,1335],
[3433,1293],
[3399,1249],
[3361,1210],
[3331,1168],
[3298,1124],
[3275,1084],
[3243,1040],
[3212,993],
[3173,954],
[3144,915],
[3112,880],
[3083,829],
[3060,786],
[3034,739],
[3013,688],
[2987,645],
[2961,606],
[2930,562],
[2909,520],
[2883,471],
[2862,424],
[2833,400],
[2786,387],
[2775,354],
[2771,320],
[2779,278],
[2786,233],
[2771,197],
[2721,200],
[2668,204],
[2617,207],
[2564,204],
[2509,213],
[2462,234],
[2413,247],
[2361,254],
[2309,264],
[2261,270],
[2214,275],
[2152,286],
[2108,285],
[2055,278],
[2006,278],
[1956,265],
[1904,265],
[1862,257],
[1802,260],
[1752,264],
[1706,256],
[1656,256],
[1608,241],
[1552,239],
[1505,241],
[1463,249],
[1408,249],
[1355,236],
[1300,230],
[1253,220],
[1201,220],
[1171,220],
[1133,238],
[1133,286],
[1150,330],
[1152,388],
[1141,424],
[1173,466],
[1220,478],
[1270,486],
[1327,486],
[1377,489],
[1431,495],
[1484,492],
[1531,495],
[1564,502],
[1533,529],
[1502,549],
[1450,542],
[1405,552],
[1361,575],
[1314,606],
[1267,617],
[1222,638],
[1243,683],
[1254,721],
[1269,777],
[1274,831],
[1283,883],
[1296,944],
[1303,999],
[1325,1046],
[1369,1051],
[1413,1038],
[1468,1029],
[1486,1072],
[1486,1121],
[1478,1183],
[1476,1233],
[1470,1270],
[1466,1319],
[1457,1374],
[1445,1424],
[1442,1476],
[1441,1533],
[1445,1581],
[1439,1640],
[1439,1688],
[1441,1743],
[1441,1803],
[1444,1850],
[1447,1904],
[1447,1965],
[1452,2022],
[1454,2067],
[1452,2119],
[1457,2178],
[1452,2233],
[1452,2288],
[1455,2332],
[1465,2372],
[1488,2393],
[1548,2396],
[1603,2406],
[1656,2403],
[1713,2396],
[1768,2392],
[1815,2388],
[1865,2390],
[1925,2392],
[1975,2396],
[2031,2392],
[2084,2390],
[2134,2385],
[2193,2385],
[2243,2382],
[2303,2382],
[2355,2382],
[2412,2382],
[2473,2385],
[2514,2382],
[2554,2380],
[2621,2372],
[2647,2336],
[2640,2281],
[2630,2218],
[2635,2161],
[2630,2101],
[2630,2051],
[2630,1995],
[2635,1939],
[2635,1886],
[2629,1829],
[2632,1779],
[2629,1722],
[2624,1669],
[2627,1623],
[2617,1568],
[2616,1515],
[2611,1461],
[2598,1413],
[2590,1361],
[2587,1311],
[2582,1251],
[2572,1205],
[2559,1162],
[2551,1116],
[2548,1068],
[2541,1011],
[2564,982],
[2611,991],
[2640,991],
[2668,943],
[2669,888],
[2674,829],
[2692,777],
[2702,740],
[2710,680],
[2723,635],
[2754,591],
[2742,573],
[2697,560],
[2650,547],
[2601,531],
[2548,520],
[2502,499],
[2439,481],
[2395,468],
[2350,461]
]
